codez dwl.m10 dwl.b10 dwl.m20 dwl.b20 dwl.m30 dwl.b30 dwl.m40 dwl.b40 dwl.m50 dwl.b50 dwl.m60 dwl.b60 dwl.m60p dwl.b60p codezz dws.m10 dws.b10 dws.m20 dws.b20 dws.m30 dws.b30 dws.m40 dws.b40 dws.m50 dws.b50 dws.m60 dws.b60 dws.m60p dws.b60p dwr                                                           
 1  62   0  69  0   0 0   0 0   0 0   0 0  0 0    1  75  0  35  0   0 0   0 0   0 0   0 0  0 0   62                       
 2 121   0   0  0   0 0   0 0   0 0   0 0  0 0    2  86  0  62  0   0 0   0 0   0 0   0 0  0 0  100                       
 3 136   0 154  0 178 0 307 0 224 0   0 0  0 0    3 391  0 281  0 212 0 156 0  81 0   0 0  0 0  571                       
 4   0   0 216  0 280 0 415 0 192 0   0 0  0 0    4 471  0 338  0 248 0 186 0  82 0   0 0  0 0  706                       
 5 230   0 334  9 330 0 323 0 203 0   0 0  0 0    5 460  0 299  3 218 0 149 0  62 0   0 0  0 0  685                       
 6 272   0 307  0 387 0 245 0   0 0   0 0  0 0    6 403  0 262  0 169 0  78 0   0 0   0 0  0 0  661                       
 7 177   0 448 10 337 0 150 0   0 0   0 0  0 0    7 513  1 273  2 160 0  63 0   0 0   0 0  0 0  778                       
 8 287 147 394  0 289 0 105 0   0 0   0 0  0 0    8 411 52 219  0 126 0  34 0   0 0   0 0  0 0  781                       
 9   1   0 281  0 320 0 419 0 381 0 136 0  0 0    9 674  0 495  0 328 0 229 0 132 0  33 0  0 0 1216                       
10   0   0 270  0 251 0 331 0 241 0  76 0  0 0   10 561  0 390  0 284 0 195 0 114 0  28 0  0 0 1444                       
11 171   0 265  0 247 0 238 0 296 0  99 0  0 0   11 536  0 367  0 261 0 185 0 124 0  31 0  0 0 1279                       
12  80   0 273  0 277 0 265 0 373 0 100 0  0 0   12 560  0 422  0 299 0 214 0 133 0  41 0  0 0  979                       
13 153   7 237  0 244 0 337 0 143 0   0 0  0 0   13 566  1 377  0 233 0 156 0  50 0   0 0  0 0  846                       
14 288   0 223  0 273 0  64 0   0 0   0 0  0 0   14 357  0 198  0 127 0  26 0   0 0   0 0  0 0  548                       
15 195   0 304  0  93 0 261 0  58 0   0 0  0 0   15 470  0 282  0 171 0 111 0  18 0   0 0  0 0  735                       
16 258   0 276  0 223 0 262 0  58 0   0 0  0 0   16 459  0 255  0 168 0 105 0  27 0   0 0  0 0  949                       
17   0   0 214  0 273 0 261 0 351 0 180 0  0 0   17 599  0 426  0 344 0 243 0 166 0  67 0  0 0  969                       
18   0   0 189  0 206 0 219 0 330 0 137 0  0 0   18 582  0 492  0 340 0 211 0 140 0  51 0  0 0  934                       
19  72   0 222  0 309 0 242 0 311 0  85 0  0 0   19 579  0 443  0 334 0 227 0 152 0  41 0  0 0  807                       
20   0   0 126  0 371 0 249 0 337 0 172 0 40 0   20 602  0 474  0 373 0 261 0 183 0  95 0 26 0 1198                       
21  92   0 299  0 454 0 309 0 184 0   0 0  0 0   21 604  0 386  0 289 0 164 0  48 0   0 0  0 0  944                       
22 235  31 360  0 246 0 223 0   0 0   0 0  0 0   22 452 18 271  0 156 0  58 0   0 0   0 0  0 0  703                       
23 278  31 443  0 337 0 194 0 118 0   0 0  0 0   23 682 12 407  0 242 0 126 0  33 0   0 0  0 0 1381                       
24 443  48 498  0 226 0 210 0   0 0   0 0  0 0   24 622 18 344  0 164 0  80 0   0 0   0 0  0 0 1270                       
25 116   0 222  0 259 0 375 0 286 0   0 0  0 0   25 465  0 359  0 286 0 187 0  70 0   0 0  0 0  647                       
26   0   0 192  0 196 0 360 0 367 0 136 0  0 0   26 575  0 444  0 330 0 238 0 141 0  68 0  0 0  737                       
27   0   0 175  0 317 0 236 0 281 0  29 0  0 0   27 486  0 378  0 271 0 164 0  84 0   5 0  0 0  629                       
28 226   0 262  0 131 0   0 0   0 0   0 0  0 0   28 263  0 151  0  53 0   0 0   0 0   0 0  0 0  365                       
29  78   0 255  0 375 0 268 0 202 0   0 0  0 0   29 508  0 392  0 265 0 160 0  57 0   0 0  0 0  757                       
30 243   0 353  0 335 0 309 0 327 0  95 0  0 0   30 652  0 408  0 289 0 191 0 126 0  41 0  0 0  905                       
31 277   0 393  0 336 0 125 0   0 0   0 0  0 0   31 552  0 251  0 149 0  44 0   0 0   0 0  0 0 1065                       
32 423   5 351  0 328 0   0 0   0 0   0 0  0 0   32 505  1 210  0  84 0   0 0   0 0   0 0  0 0 1045                       
33  84   0 190  0 150 0 214 0  82 0   0 0  0 0   33 331  0 242  0 176 0 103 0  15 0   0 0  0 0  390                       
34   0   0 126  0 296 0 397 0 276 0 287 0 48 0   34 594  0 455  0 371 0 282 0 189 0 118 0 31 0 1066                       
35   0   0 100  0 321 0 281 0 170 0   0 0  0 0   35 447  0 354  0 308 0 172 0  69 0   0 0  0 0  696                       
36 161   0 432  0 256 0 357 0 159 0   0 0  0 0   36 613  0 412  0 291 0 193 0  45 0   0 0  0 0 1227                       
37 118   0 276  0 323 0 269 0   0 0   0 0  0 0   37 511  0 325  0 193 0  97 0   0 0   0 0  0 0  603                       
38   0   0 372  0 224 0 253 0 286 0 101 0  0 0   38 545  0 419  0 300 0 204 0 134 0  47 0  0 0 1017                       
39 236   0 381  0 252 0 386 0   0 0   0 0  0 0   39 568  0 334  0 203 0 130 0   0 0   0 0  0 0 1232                       
40 290   0 357  0 230 0 175 0   0 0   0 0  0 0   40 624  0 334  0 186 0  76 0   0 0   0 0  0 0 1293                       
41  68   0 323  0 222 0 355 0 150 0   0 0  0 0   41 393  0 314  0 202 0 146 0  43 0   0 0  0 0  548                       
42   0   0 192  0 319 0 259 0 380 0  43 0  0 0   42 477  0 386  0 302 0 208 0 131 0  17 0  0 0  820                       
43   0   0 307  0 287 0 212 0 331 0   0 0  0 0   43 489  0 368  0 265 0 159 0  90 0   0 0  0 0  687                       
44  64   0 109  0 308 0 199 0 330 0 135 0  0 0   44 543  0 378  0 308 0 203 0 151 0  42 0  0 0 1041                       
45  98   0 131 64 417 0 238 0 216 0 170 0 12 0   45 668  0 432 37 364 0 231 0 152 0  77 0 12 0 1058                       
46 233   0 319  0 423 0 259 0 330 0   0 0  0 0   46 775  0 448  0 327 0 193 0 111 0   0 0  0 0 1416                       
47 268   0 298  0 437 0 142 0   0 0   0 0  0 0   47 559  0 294  0 200 0  34 0   0 0   0 0  0 0 1251                       
48 368 102 270  0 387 0  72 0   0 0   0 0  0 0   48 461 34 237  0 143 0 108 0   0 0   0 0  0 0 1094                       
49  79   0 248  0 358 0 222 0 295 0   0 0  0 0   49 624  0 434  0 297 0 173 0  99 0   0 0  0 0 1223                       
50   2   0 165  0 194 0  68 0   0 0   0 0  0 0   50 212  0 163  0 101 0   8 0   0 0   0 0  0 0  179                       
51  70   0 175  0 210 0 327 0 275 0   0 0  0 0   51 462  0 366  0 266 0 194 0 104 0   0 0  0 0  537                       
52  40   0 128  0 195 0 102 0   0 0   0 0  0 0   52 224  0 166  0 110 0  25 0   0 0   0 0  0 0  232                       
53  90   0 213  0 227 0 297 0 244 0   0 0  0 0   53 605  0 464  0 302 0 204 0 114 0   0 0  0 0 1044                       
54  88   0 285  0 266 0 306 0 284 0 162 0  0 0   54 534  0 295  0 385 0 220 0 149 0  74 0  0 0  922                       
55 238  41 422  0 294 0 287 0   0 0   0 0  0 0   55 633  6 335  0 195 0  90 0   0 0   0 0  0 0 1282                       
56 369   0 418  0 216 0   0 0   0 0   0 0  0 0   56 531  0 262  0  87 0   0 0   0 0   0 0  0 0 1021                       
57 104   5 126  0 232 0 238 0 111 0   0 0  0 0   57 392  3 285  0 209 0 114 0  24 0   0 0  0 0  341                       
58   0   0 142  0 205 0 262 0   0 0   0 0  0 0   58 284  0 225  0 162 0  97 0   0 0   0 0  0 0  245                       
59   0   3  60  0  55 0   0 0   0 0   0 0  0 0   59 151 15  80  0  30 0   0 0   0 0   0 0  0 0  123                       
60 121   0 197  0 302 0 189 0 278 0  84 0  0 0   60 566  0 437  0 209 0 311 0 138 0  29 0  0 0  881                       
61 545   0 123  0 265 0 290 0 345 0  91 0  0 0   61   0  0 412  0 332 0 230 0 156 0  28 0  0 0 1012                       
62 175  22 187  0 257 0 198 0 257 0  88 0  0 0   62 484 14 320  0 268 0 184 0 116 0  35 0  0 0  879                       
63 440   0 323  0 399 0 246 0  80 0   0 0  0 0   63 611  0 366  0 243 0 130 0  25 0   0 0  0 0 1172                       
64 356   0 465  0 416 0   0 0   0 0   0 0  0 0   64 692  0 364  0 213 0   0 0   0 0   0 0  0 0 1441                       
                                                                                                                          
